# Number of Fractures
5
# FractureId; NumVertices
0; 4
# Vertices
6.7949650570084286e-01; 2.0959413133064569e-01; 7.7027229455623514e-02; 5.4692960382582068e-01
5.1566886122886846e-01; 9.9389350435296486e-01; 8.6363358811981283e-01; 3.8540894499571632e-01
1.9054542365205804e-01; 1.9054542365205804e-01; 5.9704177318758545e-01; 5.9704177318758545e-01
# FractureId; NumVertices
1; 4
# Vertices
5.5952856500448900e-01; 1.2850957640097640e+00; 1.2754369312946789e+00; 5.4986973228940383e-01
3.0734730003609312e-01; 3.9378095860229478e-01; 4.7486201330943967e-01; 3.8842835474323800e-01
-8.6619310585948128e-02; -8.6619310585948128e-02; 3.9361989787461205e-01; 3.9361989787461216e-01
# FractureId; NumVertices
2; 4
# Vertices
1.3889514091147021e-01; 3.0493433607942311e-01; 3.9771297738018352e-01; 2.3167378221223053e-01
3.2532511435084366e-01; 1.2648915763283695e+00; 1.2484958325957427e+00; 3.0892937061821679e-01
3.0316445711141893e-01; 3.0316445711141893e-01; 9.3223134394306229e-01; 9.3223134394306229e-01
# FractureId; NumVertices
3; 4
# Vertices
1.1703576393608155e+00; 1.8889537283905738e-01; 8.5760163226457409e-02; 1.0672224297482156e+00
8.4910901010356454e-01; 1.0495073714723975e+00; 5.4439687110120150e-01; 3.4399850973236856e-01
1.9471648379405543e-02; 1.9471648379405543e-02; 4.4396472304581652e-01; 4.4396472304581658e-01
# FractureId; NumVertices
4; 4
# Vertices
8.6689626092990846e-01; 8.0672711150466425e-01; 3.0948801747596738e-01; 3.6965716690121142e-01
1.1190198382765304e-01; 1.0396692815319040e+00; 1.0074214825173036e+00; 7.9654184813052531e-02
-6.6465853981275497e-02; -6.6465853981275497e-02; 3.0215171453688017e-01; 3.0215171453688022e-01
